function f = cmfanglecmapRH

f = [ ...
                  0.666667                         0                  0.666667
                  0.666667       0.00740740154106613         0.674074401541066
                  0.666667        0.0148148030821323         0.681481803082132
                  0.666667        0.0222222046231984         0.688889204623198
                  0.666667        0.0296296061642645         0.696296606164265
                  0.666667        0.0370370077053307         0.703704007705331
                  0.666667        0.0444444092463968         0.711111409246397
                  0.666667        0.0518518107874629         0.718518810787463
                  0.666667        0.0592592123285291         0.725926212328529
                  0.666667        0.0666666138695952         0.733333613869595
                  0.666667        0.0740740154106613         0.740741015410661
                  0.666667        0.0814814169517274         0.748148416951727
                  0.666667        0.0888888184927936         0.755555818492794
                  0.666667        0.0962962200338597          0.76296322003386
                  0.666667         0.103703621574926         0.770370621574926
                  0.666667         0.111111023115992         0.777778023115992
                  0.666667         0.118518424657058         0.785185424657058
                  0.666667         0.125925826198124         0.792592826198124
                  0.666667          0.13333322773919          0.80000022773919
                  0.666667         0.140740629280257         0.807407629280257
                  0.666667         0.148148030821323         0.814815030821323
                  0.666667         0.155555432362389         0.822222432362389
                  0.666667         0.162962833903455         0.829629833903455
                  0.666667         0.170370235444521         0.837037235444521
                  0.666667         0.177777636985587         0.844444636985587
                  0.666667         0.185185038526653         0.851852038526653
                  0.666667         0.192592440067719         0.859259440067719
                  0.666667         0.199999841608786         0.866666841608786
                  0.666667         0.207407243149852         0.874074243149852
                  0.666667         0.214814644690918         0.881481644690918
                  0.666667         0.222222046231984         0.888889046231984
                  0.666667          0.22962944777305          0.89629644777305
                  0.666667         0.237036849314116         0.903703849314116
                  0.666667         0.244444250855182         0.911111250855182
                  0.666667         0.251851652396248         0.918518652396249
                  0.666667         0.259259053937315         0.925926053937315
                  0.666667         0.266666455478381         0.933333455478381
                  0.666667         0.274073857019447         0.940740857019447
                  0.666667         0.281481258560513         0.948148258560513
                  0.666667         0.288888660101579         0.955555660101579
                  0.666667         0.296296061642645         0.962963061642645
                  0.666667         0.303703463183711         0.970370463183711
                  0.666667         0.311110864724778         0.977777864724778
                  0.666667         0.318518266265844         0.985185266265844
                  0.666667          0.32592566780691          0.99259266780691
         0.666666861304546         0.333332930652377         0.999999930652377
         0.651852111451104         0.325925566836713         0.992592566836713
         0.637037361597662         0.318518203021049         0.985185203021049
         0.622222611744221         0.311110839205385         0.977777839205385
         0.607407861890779         0.303703475389721         0.970370475389721
         0.592593112037337         0.296296111574056         0.962963111574056
         0.577778362183895         0.288888747758392         0.955555747758392
         0.562963612330453         0.281481383942728         0.948148383942728
         0.548148862477011         0.274074020127064         0.940741020127064
         0.533334112623569           0.2666666563114           0.9333336563114
         0.518519362770127         0.259259292495736         0.925926292495736
         0.503704612916685         0.251851928680072         0.918518928680071
         0.488889863063243         0.244444564864407         0.911111564864407
         0.474075113209801         0.237037201048743         0.903704201048743
         0.459260363356359         0.229629837233079         0.896296837233079
         0.444445613502917         0.222222473417415         0.888889473417415
         0.429630863649475         0.214815109601751         0.881482109601751
         0.414816113796033         0.207407745786087         0.874074745786087
         0.400001363942591         0.200000381970422         0.866667381970422
         0.385186614089149         0.192593018154758         0.859260018154758
         0.370371864235707         0.185185654339094         0.851852654339094
         0.355557114382265          0.17777829052343          0.84444529052343
         0.340742364528823         0.170370926707766         0.837037926707766
         0.325927614675381         0.162963562892102         0.829630562892102
         0.311112864821939         0.155556199076437         0.822223199076437
         0.296298114968497         0.148148835260773         0.814815835260773
         0.281483365115055         0.140741471445109         0.807408471445109
         0.266668615261613         0.133334107629445         0.800001107629445
         0.251853865408171         0.125926743813781         0.792593743813781
         0.237039115554729         0.118519379998117         0.785186379998117
         0.222224365701287         0.111112016182453         0.777779016182452
         0.207409615847845         0.103704652366788         0.770371652366788
         0.192594865994403        0.0962972885511243         0.762964288551124
         0.177780116140961          0.08888992473546          0.75555692473546
         0.162965366287519         0.081482560919796         0.748149560919796
         0.148150616434077        0.0740751971041318         0.740742197104132
         0.133335866580635        0.0666678332884676         0.733334833288468
         0.118521116727193        0.0592604694728035         0.725927469472804
         0.103706366873751        0.0518531056571393         0.718520105657139
        0.0888916170203092        0.0444457418414752         0.711112741841475
        0.0740768671668674        0.0370383780258111         0.703705378025811
        0.0592621173134252        0.0296310142101468         0.696298014210147
        0.0444473674599833        0.0222236503944827         0.688890650394483
        0.0296326176065414        0.0148162865788186         0.681483286578819
        0.0148178677530993       0.00740892276315441         0.674075922763154
      3.11789965731942e-06      1.55894749023614e-06          0.66666855894749
       0.00740591802171346        0.0222177762829167         0.674072918021713
        0.0148133950147363        0.0444402294844383         0.681480395014736
        0.0222208720077593        0.0666626826859606         0.688887872007759
        0.0296283490007822        0.0888851358874825         0.696295349000782
        0.0370358259938051         0.111107589089004         0.703702825993805
        0.0444433029868279         0.133330042290526         0.711110302986828
        0.0518507799798509         0.155552495492048         0.718517779979851
        0.0592582569728737          0.17777494869357         0.725925256972874
        0.0666657339658968         0.199997401895092         0.733332733965897
