function f = cmfanglecmap

f = [ ...
                         0                  0.666667                         0
       0.00740740154106613         0.674074401541066        0.0222222268454252
        0.0148148030821323         0.681481803082132        0.0444444536908505
        0.0222222046231984         0.688889204623198        0.0666666805362757
        0.0296296061642645         0.696296606164265         0.088888907381701
        0.0370370077053307         0.703704007705331         0.111111134227126
        0.0444444092463968         0.711111409246397         0.133333361072551
        0.0518518107874629         0.718518810787463         0.155555587917977
        0.0592592123285291         0.725926212328529         0.177777814763402
        0.0666666138695952         0.733333613869595         0.200000041608827
        0.0740740154106613         0.740741015410661         0.222222268454252
        0.0814814169517274         0.748148416951727         0.244444495299678
        0.0888888184927936         0.755555818492794         0.266666722145103
        0.0962962200338597          0.76296322003386         0.288888948990528
         0.103703621574926         0.770370621574926         0.311111175835953
         0.111111023115992         0.777778023115992         0.333333402681379
         0.118518424657058         0.785185424657058         0.355555629526804
         0.125925826198124         0.792592826198124         0.377777856372229
          0.13333322773919          0.80000022773919         0.400000083217654
         0.140740629280257         0.807407629280257          0.42222231006308
         0.148148030821323         0.814815030821323         0.444444536908505
         0.155555432362389         0.822222432362389          0.46666676375393
         0.162962833903455         0.829629833903455         0.488888990599355
         0.170370235444521         0.837037235444521          0.51111121744478
         0.177777636985587         0.844444636985587         0.533333444290206
         0.185185038526653         0.851852038526653         0.555555671135631
         0.192592440067719         0.859259440067719         0.577777897981056
         0.199999841608786         0.866666841608786         0.600000124826482
         0.207407243149852         0.874074243149852         0.622222351671907
         0.214814644690918         0.881481644690918         0.644444578517332
         0.222222046231984         0.888889046231984         0.666666805362757
          0.22962944777305          0.89629644777305         0.688889032208183
         0.237036849314116         0.903703849314116         0.711111259053608
         0.244444250855182         0.911111250855182         0.733333485899033
         0.251851652396248         0.918518652396249         0.755555712744458
         0.259259053937315         0.925926053937315         0.777777939589883
         0.266666455478381         0.933333455478381         0.800000166435309
         0.274073857019447         0.940740857019447         0.822222393280734
         0.281481258560513         0.948148258560513         0.844444620126159
         0.288888660101579         0.955555660101579         0.866666846971585
         0.296296061642645         0.962963061642645          0.88888907381701
         0.303703463183711         0.970370463183711         0.911111300662435
         0.311110864724778         0.977777864724778          0.93333352750786
         0.318518266265844         0.985185266265844         0.955555754353285
          0.32592566780691          0.99259266780691         0.977777981198711
         0.333332930652377         0.999999791956924         0.999999930652377
         0.325925566836713         0.977777678287818         0.992592566836713
         0.318518203021049         0.955555564618711         0.985185203021049
         0.311110839205385         0.933333450949605         0.977777839205385
         0.303703475389721         0.911111337280499         0.970370475389721
         0.296296111574056         0.888889223611393         0.962963111574056
         0.288888747758392         0.866667109942287         0.955555747758392
         0.281481383942728         0.844444996273181         0.948148383942728
         0.274074020127064         0.822222882604075         0.940741020127064
           0.2666666563114         0.800000768934968           0.9333336563114
         0.259259292495736         0.777778655265862         0.925926292495736
         0.251851928680072         0.755556541596756         0.918518928680071
         0.244444564864407          0.73333442792765         0.911111564864407
         0.237037201048743         0.711112314258544         0.903704201048743
         0.229629837233079         0.688890200589438         0.896296837233079
         0.222222473417415         0.666668086920332         0.888889473417415
         0.214815109601751         0.644445973251226         0.881482109601751
         0.207407745786087         0.622223859582119         0.874074745786087
         0.200000381970422         0.600001745913013         0.866667381970422
         0.192593018154758         0.577779632243907         0.859260018154758
         0.185185654339094         0.555557518574801         0.851852654339094
          0.17777829052343         0.533335404905695          0.84444529052343
         0.170370926707766         0.511113291236589         0.837037926707766
         0.162963562892102         0.488891177567483         0.829630562892102
         0.155556199076437         0.466669063898376         0.822223199076437
         0.148148835260773          0.44444695022927         0.814815835260773
         0.140741471445109         0.422224836560164         0.807408471445109
         0.133334107629445         0.400002722891058         0.800001107629445
         0.125926743813781         0.377780609221952         0.792593743813781
         0.118519379998117         0.355558495552846         0.785186379998117
         0.111112016182453         0.333336381883739         0.777779016182452
         0.103704652366788         0.311114268214633         0.770371652366788
        0.0962972885511243         0.288892154545528         0.762964288551124
          0.08888992473546         0.266670040876421          0.75555692473546
         0.081482560919796         0.244447927207315         0.748149560919796
        0.0740751971041318         0.222225813538209         0.740742197104132
        0.0666678332884676         0.200003699869103         0.733334833288468
        0.0592604694728035         0.177781586199997         0.725927469472804
        0.0518531056571393         0.155559472530891         0.718520105657139
        0.0444457418414752         0.133337358861784         0.711112741841475
        0.0370383780258111         0.111115245192678         0.703705378025811
        0.0296310142101468         0.088893131523572         0.696298014210147
        0.0222236503944827        0.0666710178544661         0.688890650394483
        0.0148162865788186          0.04444890418536         0.681483286578819
       0.00740892276315441        0.0222267905162538         0.674075922763154
      1.55894749023614e-06      4.67684714755556e-06          0.66666855894749
        0.0148118582612032       0.00740591802171346         0.674072918021713
         0.029626834469702        0.0148133950147363         0.681480395014736
        0.0444418106782013        0.0222208720077593         0.688887872007759
        0.0592567868867003        0.0296283490007822         0.696295349000782
        0.0740717630951993        0.0370358259938051         0.703702825993805
        0.0888867393036982        0.0444433029868279         0.711110302986828
         0.103701715512197        0.0518507799798509         0.718517779979851
         0.118516691720696        0.0592582569728737         0.725925256972874
         0.133331667929195        0.0666657339658968         0.733332733965897
